#
# Copyright (C) eSrijan Innovations Private Limited
#
# Author: Anil Kumar Pugalia <anil_pugalia@eSrijan.com>
#
# Licensed under: JSL (See LICENSE file for details)
#

# Output of 
# for ps in 1 8 32 64 128 256 1024; do echo -e "\nps = $ps"; for ocr2 in `seq 0 255`; do echo -n $((8000000 / $ps / (1 + $ocr2))); echo -n " "; done; done > possible_freq

ps = 1
8000000 4000000 2666666 2000000 1600000 1333333 1142857 1000000 888888 800000 727272 666666 615384 571428 533333 500000 470588 444444 421052 400000 380952 363636 347826 333333 320000 307692 296296 285714 275862 266666 258064 250000 242424 235294 228571 222222 216216 210526 205128 200000 195121 190476 186046 181818 177777 173913 170212 166666 163265 160000 156862 153846 150943 148148 145454 142857 140350 137931 135593 133333 131147 129032 126984 125000 123076 121212 119402 117647 115942 114285 112676 111111 109589 108108 106666 105263 103896 102564 101265 100000 98765 97560 96385 95238 94117 93023 91954 90909 89887 88888 87912 86956 86021 85106 84210 83333 82474 81632 80808 80000 79207 78431 77669 76923 76190 75471 74766 74074 73394 72727 72072 71428 70796 70175 69565 68965 68376 67796 67226 66666 66115 65573 65040 64516 64000 63492 62992 62500 62015 61538 61068 60606 60150 59701 59259 58823 58394 57971 57553 57142 56737 56338 55944 55555 55172 54794 54421 54054 53691 53333 52980 52631 52287 51948 51612 51282 50955 50632 50314 50000 49689 49382 49079 48780 48484 48192 47904 47619 47337 47058 46783 46511 46242 45977 45714 45454 45197 44943 44692 44444 44198 43956 43715 43478 43243 43010 42780 42553 42328 42105 41884 41666 41450 41237 41025 40816 40609 40404 40201 40000 39800 39603 39408 39215 39024 38834 38647 38461 38277 38095 37914 37735 37558 37383 37209 37037 36866 36697 36529 36363 36199 36036 35874 35714 35555 35398 35242 35087 34934 34782 34632 34482 34334 34188 34042 33898 33755 33613 33472 33333 33195 33057 32921 32786 32653 32520 32388 32258 32128 32000 31872 31746 31620 31496 31372 31250 
ps = 8
1000000 500000 333333 250000 200000 166666 142857 125000 111111 100000 90909 83333 76923 71428 66666 62500 58823 55555 52631 50000 47619 45454 43478 41666 40000 38461 37037 35714 34482 33333 32258 31250 30303 29411 28571 27777 27027 26315 25641 25000 24390 23809 23255 22727 22222 21739 21276 20833 20408 20000 19607 19230 18867 18518 18181 17857 17543 17241 16949 16666 16393 16129 15873 15625 15384 15151 14925 14705 14492 14285 14084 13888 13698 13513 13333 13157 12987 12820 12658 12500 12345 12195 12048 11904 11764 11627 11494 11363 11235 11111 10989 10869 10752 10638 10526 10416 10309 10204 10101 10000 9900 9803 9708 9615 9523 9433 9345 9259 9174 9090 9009 8928 8849 8771 8695 8620 8547 8474 8403 8333 8264 8196 8130 8064 8000 7936 7874 7812 7751 7692 7633 7575 7518 7462 7407 7352 7299 7246 7194 7142 7092 7042 6993 6944 6896 6849 6802 6756 6711 6666 6622 6578 6535 6493 6451 6410 6369 6329 6289 6250 6211 6172 6134 6097 6060 6024 5988 5952 5917 5882 5847 5813 5780 5747 5714 5681 5649 5617 5586 5555 5524 5494 5464 5434 5405 5376 5347 5319 5291 5263 5235 5208 5181 5154 5128 5102 5076 5050 5025 5000 4975 4950 4926 4901 4878 4854 4830 4807 4784 4761 4739 4716 4694 4672 4651 4629 4608 4587 4566 4545 4524 4504 4484 4464 4444 4424 4405 4385 4366 4347 4329 4310 4291 4273 4255 4237 4219 4201 4184 4166 4149 4132 4115 4098 4081 4065 4048 4032 4016 4000 3984 3968 3952 3937 3921 3906 
ps = 32
250000 125000 83333 62500 50000 41666 35714 31250 27777 25000 22727 20833 19230 17857 16666 15625 14705 13888 13157 12500 11904 11363 10869 10416 10000 9615 9259 8928 8620 8333 8064 7812 7575 7352 7142 6944 6756 6578 6410 6250 6097 5952 5813 5681 5555 5434 5319 5208 5102 5000 4901 4807 4716 4629 4545 4464 4385 4310 4237 4166 4098 4032 3968 3906 3846 3787 3731 3676 3623 3571 3521 3472 3424 3378 3333 3289 3246 3205 3164 3125 3086 3048 3012 2976 2941 2906 2873 2840 2808 2777 2747 2717 2688 2659 2631 2604 2577 2551 2525 2500 2475 2450 2427 2403 2380 2358 2336 2314 2293 2272 2252 2232 2212 2192 2173 2155 2136 2118 2100 2083 2066 2049 2032 2016 2000 1984 1968 1953 1937 1923 1908 1893 1879 1865 1851 1838 1824 1811 1798 1785 1773 1760 1748 1736 1724 1712 1700 1689 1677 1666 1655 1644 1633 1623 1612 1602 1592 1582 1572 1562 1552 1543 1533 1524 1515 1506 1497 1488 1479 1470 1461 1453 1445 1436 1428 1420 1412 1404 1396 1388 1381 1373 1366 1358 1351 1344 1336 1329 1322 1315 1308 1302 1295 1288 1282 1275 1269 1262 1256 1250 1243 1237 1231 1225 1219 1213 1207 1201 1196 1190 1184 1179 1173 1168 1162 1157 1152 1146 1141 1136 1131 1126 1121 1116 1111 1106 1101 1096 1091 1086 1082 1077 1072 1068 1063 1059 1054 1050 1046 1041 1037 1033 1028 1024 1020 1016 1012 1008 1004 1000 996 992 988 984 980 976 
ps = 64 # Most promising audio range
125000 62500 41666 31250 25000 20833 17857 15625 13888 12500 11363 10416 9615 8928 8333 7812 7352 6944 6578 6250 5952 5681 5434 5208 5000 4807 4629 4464 4310 4166 4032 3906 3787 3676 3571 3472 3378 3289 3205 3125 3048 2976 2906 2840 2777 2717 2659 2604 2551 2500 2450 2403 2358 2314 2272 2232 2192 2155 2118 2083 2049 2016 1984 1953 1923 1893 1865 1838 1811 1785 1760 1736 1712 1689 1666 1644 1623 1602 1582 1562 1543 1524 1506 1488 1470 1453 1436 1420 1404 1388 1373 1358 1344 1329 1315 1302 1288 1275 1262 1250 1237 1225 1213 1201 1190 1179 1168 1157 1146 1136 1126 1116 1106 1096 1086 1077 1068 1059 1050 1041 1033 1024 1016 1008 1000 992 984 976 968 961 954 946 939 932 925 919 912 905 899 892 886 880 874 868 862 856 850 844 838 833 827 822 816 811 806 801 796 791 786 781 776 771 766 762 757 753 748 744 739 735 730 726 722 718 714 710 706 702 698 694 690 686 683 679 675 672 668 664 661 657 654 651 647 644 641 637 634 631 628 625 621 618 615 612 609 606 603 600 598 595 592 589 586 584 581 578 576 573 570 568 565 563 560 558 555 553 550 548 545 543 541 538 536 534 531 529 527 525 523 520 518 516 514 512 510 508 506 504 502 500 498 496 494 492 490 488 
ps = 128
62500 31250 20833 15625 12500 10416 8928 7812 6944 6250 5681 5208 4807 4464 4166 3906 3676 3472 3289 3125 2976 2840 2717 2604 2500 2403 2314 2232 2155 2083 2016 1953 1893 1838 1785 1736 1689 1644 1602 1562 1524 1488 1453 1420 1388 1358 1329 1302 1275 1250 1225 1201 1179 1157 1136 1116 1096 1077 1059 1041 1024 1008 992 976 961 946 932 919 905 892 880 868 856 844 833 822 811 801 791 781 771 762 753 744 735 726 718 710 702 694 686 679 672 664 657 651 644 637 631 625 618 612 606 600 595 589 584 578 573 568 563 558 553 548 543 538 534 529 525 520 516 512 508 504 500 496 492 488 484 480 477 473 469 466 462 459 456 452 449 446 443 440 437 434 431 428 425 422 419 416 413 411 408 405 403 400 398 395 393 390 388 385 383 381 378 376 374 372 369 367 365 363 361 359 357 355 353 351 349 347 345 343 341 339 337 336 334 332 330 328 327 325 323 322 320 318 317 315 314 312 310 309 307 306 304 303 301 300 299 297 296 294 293 292 290 289 288 286 285 284 282 281 280 279 277 276 275 274 272 271 270 269 268 267 265 264 263 262 261 260 259 258 257 256 255 254 253 252 251 250 249 248 247 246 245 244 
ps = 256
31250 15625 10416 7812 6250 5208 4464 3906 3472 3125 2840 2604 2403 2232 2083 1953 1838 1736 1644 1562 1488 1420 1358 1302 1250 1201 1157 1116 1077 1041 1008 976 946 919 892 868 844 822 801 781 762 744 726 710 694 679 664 651 637 625 612 600 589 578 568 558 548 538 529 520 512 504 496 488 480 473 466 459 452 446 440 434 428 422 416 411 405 400 395 390 385 381 376 372 367 363 359 355 351 347 343 339 336 332 328 325 322 318 315 312 309 306 303 300 297 294 292 289 286 284 281 279 276 274 271 269 267 264 262 260 258 256 254 252 250 248 246 244 242 240 238 236 234 233 231 229 228 226 224 223 221 220 218 217 215 214 212 211 209 208 206 205 204 202 201 200 199 197 196 195 194 192 191 190 189 188 187 186 184 183 182 181 180 179 178 177 176 175 174 173 172 171 170 169 168 168 167 166 165 164 163 162 161 161 160 159 158 157 157 156 155 154 153 153 152 151 150 150 149 148 148 147 146 146 145 144 144 143 142 142 141 140 140 139 138 138 137 137 136 135 135 134 134 133 132 132 131 131 130 130 129 129 128 128 127 127 126 126 125 125 124 124 123 123 122 122 
ps = 1024
7812 3906 2604 1953 1562 1302 1116 976 868 781 710 651 600 558 520 488 459 434 411 390 372 355 339 325 312 300 289 279 269 260 252 244 236 229 223 217 211 205 200 195 190 186 181 177 173 169 166 162 159 156 153 150 147 144 142 139 137 134 132 130 128 126 124 122 120 118 116 114 113 111 110 108 107 105 104 102 101 100 98 97 96 95 94 93 91 90 89 88 87 86 85 84 84 83 82 81 80 79 78 78 77 76 75 75 74 73 73 72 71 71 70 69 69 68 67 67 66 66 65 65 64 64 63 63 62 62 61 61 60 60 59 59 58 58 57 57 57 56 56 55 55 55 54 54 53 53 53 52 52 52 51 51 51 50 50 50 49 49 49 48 48 48 47 47 47 47 46 46 46 45 45 45 45 44 44 44 44 43 43 43 43 42 42 42 42 42 41 41 41 41 40 40 40 40 40 39 39 39 39 39 38 38 38 38 38 37 37 37 37 37 37 36 36 36 36 36 36 35 35 35 35 35 35 34 34 34 34 34 34 33 33 33 33 33 33 33 32 32 32 32 32 32 32 32 31 31 31 31 31 31 31 31 30 30 30 30
